([1, 2, 3], [9481, 19791, 22173], 0)
([0, 2, 3, 4], [11826, 15749, 10494, 6535], 1)
([0, 1, 3, 4, 5], [12634, 24159, 11511, 6308, 1784], 2)
([0, 1, 2, 4, 5, 6], [1369, 10071, 30016, 29559, 10645, 385], 3)
([1, 2, 3, 5, 6, 7], [556, 14105, 26745, 13567, 14969, 22043], 4)
([2, 3, 4, 6, 7, 8], [28242, 8019, 27299, 221, 3495, 14297], 5)
([3, 4, 5, 7, 8, 9], [27447, 30780, 5209, 13046, 29355, 30327], 6)
([4, 5, 6, 8, 9, 10], [12063, 5887, 871, 17384, 8499, 19614], 7)
([5, 6, 7, 9, 10, 11], [8153, 16113, 29345, 19417, 7738, 10944], 8)
([6, 7, 8, 10, 11, 12], [29136, 12791, 21268, 21829, 15115, 17480], 9)
([7, 8, 9, 11, 12, 13], [30413, 5094, 27378, 7423, 30951, 31904], 10)
([8, 9, 10, 12, 13, 14], [6880, 21892, 25441, 30360, 19104, 9029], 11)
([9, 10, 11, 13, 14, 15], [7355, 29735, 21239, 4006, 1526, 6679], 12)
([10, 11, 12, 14, 15, -1], [1824, 3227, 1083, 26170, 22051, 30681], 13)
([11, 12, 13, 15, -1, 5], [23919, 522, 30013, 26992, 29184, 21594], 14)
([12, 13, 14, -1, 5], [14197, 22474, 13113, 11036, 4899], 15)
([14, 15, -1, 15, 16, 17], [27180, 16837, 17650, 20939, 6306, 2294], 5)
([-1, 5, 16, 17, 18], [11752, 25151, 24537, 12012, 22301], 15)
([-1, 5, 15, 17, 18, 15], [28668, 1570, 31405, 20135, 7137, 6753], 16)
([5, 15, 16, 18, 15, -1], [8484, 7193, 18101, 15689, 12945, 17679], 17)
([15, 16, 17, 15, -1, 5], [21616, 11654, 11479, 22307, 27100, 2837], 18)
([16, 17, 18, -1, 5], [19649, 15655, 26964, 16638, 9127], 15)
([18, 15, -1, 15, 19, 17], [7139, 30104, 9305, 18040, 2745, 15915], 5)
([-1, 5, 19, 17], [30999, 6385, 26768, 3322], 15)
([-1, 5, 15, 17], [13751, 27751, 5706, 6134], 19)
([5, 15, 19], [25374, 3354, 15753], 17)
([15, 4, 21], [5001, 24850, 9835], 20)
([20, 4, 21, 22], [9579, 24190, 21931, 30470], 15)
([20, 15, 21, 22, 8], [2210, 14517, 25584, 5784, 31726], 4)
([20, 15, 4, 22, 8, 23], [19168, 11299, 31907, 8213, 13173, 1059], 21)
([15, 4, 21, 8, 23, 3], [6620, 24184, 12501, 23474, 16956, 4434], 22)
([4, 21, 22, 23, 3, 24], [12941, 16976, 12830, 23135, 31318, 15769], 8)
([21, 22, 8, 3, 24, 25], [5242, 23390, 13782, 4554, 6838, 2677], 23)
([22, 8, 23, 24, 25, 26], [28153, 30795, 9455, 2366, 15024, 21234], 3)
([8, 23, 3, 25, 26, 27], [31328, 22229, 14504, 7857, 28418, 21621], 24)
([23, 3, 24, 26, 27, 28], [2185, 4347, 14735, 19491, 17582, 10934], 25)
([3, 24, 25, 27, 28, 29], [10937, 17406, 26342, 24887, 14565, 11780], 26)
([24, 25, 26, 28, 29, 30], [15117, 23832, 1916, 22684, 1156, 24905], 27)
([25, 26, 27, 29, 30, 8], [17013, 13951, 17629, 5904, 9474, 2866], 28)
([26, 27, 28, 30, 8, 31], [18183, 15033, 15305, 16769, 4163, 30232], 29)
([27, 28, 29, 8, 31, 32], [19400, 14710, 5054, 15019, 9316, 12040], 30)
([28, 29, 30, 31, 32, 26], [27216, 11693, 5700, 31025, 22953, 9723], 8)
([29, 30, 8, 32, 26, 33], [5111, 27272, 18943, 10950, 11835, 77], 31)
([30, 8, 31, 26, 33, 15], [10973, 22480, 22021, 29776, 18672, 7198], 32)
([8, 31, 32, 33, 15, 34], [22754, 28393, 9718, 30644, 31206, 31333], 26)
([31, 32, 26, 15, 34, 5], [25749, 11709, 11083, 10078, 31787, 13756], 33)
([32, 26, 33, 34, 5, 35], [421, 14424, 26541, 10377, 11726, 4127], 15)
([26, 33, 15, 5, 35, 36], [12113, 8449, 7207, 28977, 24789, 7391], 34)
([33, 15, 34, 35, 36, 37], [31221, 14746, 31913, 23460, 2940, 24228], 5)
([15, 34, 5, 36, 37, 38], [3495, 5996, 1068, 5925, 9186, 2978], 35)
([34, 5, 35, 37, 38, 39], [21151, 20046, 30217, 18396, 10059, 22296], 36)
([5, 35, 36, 38, 39, 40], [2592, 3399, 17567, 2296, 27735, 2021], 37)
([35, 36, 37, 39, 40, 41], [21702, 3104, 31833, 11383, 28771, 6204], 38)
([36, 37, 38, 40, 41, 2], [24550, 5586, 11732, 8203, 23193, 17941], 39)
([37, 38, 39, 41, 2, 3], [783, 7659, 8456, 13725, 16927, 28992], 40)
([38, 39, 40, 2, 3, 42], [18092, 8145, 14338, 22923, 22560, 825], 41)
([39, 40, 41, 3, 42, 43], [22611, 12744, 31840, 25369, 19616, 22402], 2)
([40, 41, 2, 42, 43, 44], [31302, 14927, 7042, 17613, 23863, 20319], 3)
([41, 2, 3, 43, 44, -1], [17397, 940, 30107, 22392, 4536, 27389], 42)
([2, 3, 42, 44, -1, 45], [12996, 3122, 31417, 20759, 28018, 26735], 43)
([3, 42, 43, -1, 45], [18437, 12540, 24744, 19580, 25996], 44)
([43, 44, -1], [25098, 15376, 14579], 45)
([46, 0, 21], [10811, 15617, 18384], 15)
([15, 0, 21, 47], [29477, 27616, 18966, 6403], 46)
([15, 46, 21, 47, 48], [16394, 5646, 4561, 1503, 566], 0)
([15, 46, 0, 47, 48, 15], [10803, 22158, 24524, 31629, 2114, 24120], 21)
([46, 0, 21, 48, 15, 49], [9345, 29956, 11233, 2293, 75, 4064], 47)
([0, 21, 47, 15, 49, 50], [2418, 17595, 4464, 14012, 3647, 30430], 48)
([21, 47, 48, 49, 50, -1], [31288, 4725, 27942, 23680, 18843, 21189], 15)
([47, 48, 15, 50, -1, 51], [31522, 19026, 17840, 14247, 28301, 5563], 49)
([48, 15, 49, -1, 51, 52], [18969, 26266, 16733, 7950, 27139, 19613], 50)
([49, 50, -1, 52, 53], [4360, 25891, 4979, 19492, 13280], 51)
([50, -1, 51, 53], [2787, 22152, 4103, 20378], 52)
([-1, 51, 52], [2993, 29244, 15744], 53)
([2, 3, 54], [13582, 7191, 30488], 0)
([0, 3, 54, 55], [170, 1718, 9697, 30810], 2)
([0, 2, 54, 55, 21], [22966, 31160, 24180, 2660, 17067], 3)
([0, 2, 3, 55, 21, 15], [207, 11979, 6598, 6658, 12880, 10408], 54)
([2, 3, 54, 21, 15, 56], [16753, 29371, 7984, 17952, 5084, 31884], 55)
([3, 54, 55, 15, 56, 30], [13255, 13586, 18793, 31687, 5259, 18285], 21)
([54, 55, 21, 56, 30, 57], [22862, 18583, 31125, 25437, 585, 25195], 15)
([55, 21, 15, 30, 57, 58], [22854, 10488, 14556, 12947, 9658, 29719], 56)
([21, 15, 56, 57, 58, 59], [24526, 21617, 23411, 292, 4216, 22059], 30)
([15, 56, 30, 58, 59, 18], [18436, 17771, 2357, 15911, 12856, 5034], 57)
([56, 30, 57, 59, 18, 60], [9598, 30246, 8250, 29817, 31801, 19849], 58)
([30, 57, 58, 18, 60, 61], [3024, 12043, 10067, 5406, 24229, 10177], 59)
([57, 58, 59, 60, 61, 62], [19298, 23159, 16046, 1949, 14067, 5084], 18)
([58, 59, 18, 61, 62, 63], [31045, 6637, 8552, 22343, 20444, 31772], 60)
([59, 18, 60, 62, 63, 64], [518, 28077, 448, 19218, 13007, 16228], 61)
([18, 60, 61, 63, 64, 58], [30217, 27310, 10094, 18808, 12297, 8681], 62)
([60, 61, 62, 64, 58, 65], [8933, 10523, 5860, 3164, 9369, 30311], 63)
([61, 62, 63, 58, 65, 66], [20800, 19805, 28079, 13823, 9726, 21089], 64)
([62, 63, 64, 65, 66, 5], [14939, 29783, 3270, 23858, 25187, 31697], 58)
([63, 64, 58, 66, 5, 67], [27197, 8306, 8263, 28313, 31582, 17188], 65)
([64, 58, 65, 5, 67, 68], [25268, 4763, 19792, 3490, 26161, 10942], 66)
([58, 65, 66, 67, 68, 32], [27194, 18678, 13719, 9100, 18765, 1220], 5)
([65, 66, 5, 68, 32], [600, 6209, 2430, 23033, 5412], 67)
([66, 5, 67, 32], [1489, 6393, 20639, 19534], 68)
([5, 67, 68], [11862, 30412, 29375], 32)
([38, 69, 26], [2936, 15017, 10006], 0)
([0, 69, 26, 70], [11364, 9231, 21854, 10732], 38)
([0, 38, 26, 70, 71], [22837, 8960, 624, 11725, 11640], 69)
([0, 38, 69, 70, 71, 72], [25429, 9393, 28143, 31590, 17361, 14541], 26)
([38, 69, 26, 71, 72, 30], [3127, 12347, 21493, 23444, 7363, 1646], 70)
([69, 26, 70, 72, 30, 73], [27987, 24565, 11852, 31787, 21113, 21442], 71)
([26, 70, 71, 30, 73, 15], [30080, 546, 5083, 1957, 16273, 25179], 72)
([70, 71, 72, 73, 15, 74], [5633, 25395, 15691, 14112, 7816, 11827], 30)
([71, 72, 30, 15, 74, 5], [15523, 4552, 29832, 8502, 17353, 6730], 73)
([72, 30, 73, 74, 5, 75], [26746, 25512, 4051, 11307, 18501, 12670], 15)
([30, 73, 15, 5, 75, 76], [4530, 2828, 23954, 15241, 24607, 13069], 74)
([73, 15, 74, 75, 76, 77], [24977, 8116, 18007, 2150, 24439, 5330], 5)
([15, 74, 5, 76, 77, 15], [22172, 17228, 3057, 7371, 30461, 24489], 75)
([74, 5, 75, 77, 15, 78], [11605, 16899, 5348, 6546, 6336, 30254], 76)
([5, 75, 76, 15, 78], [29351, 10327, 13298, 14840, 26684], 77)
([75, 76, 77, 78], [9669, 9728, 5748, 31717], 15)
([76, 77, 15], [5457, 20433, 25177], 78)
([46, 79, 2], [22690, 2273, 11911], 15)
([15, 79, 2, 80], [13653, 20917, 11477, 21737], 46)
([15, 46, 2, 80, 45], [1932, 22715, 25703, 3195, 17418], 79)
([15, 46, 79, 80, 45, 81], [11922, 24981, 18126, 23861, 27210, 8588], 2)
([46, 79, 2, 45, 81, 36], [14754, 27822, 18777, 6885, 26445, 12729], 80)
([79, 2, 80, 81, 36, 82], [6575, 25957, 3050, 56, 14747, 12551], 45)
([2, 80, 45, 36, 82, 83], [29062, 16430, 25919, 7574, 1042, 26280], 81)
([80, 45, 81, 82, 83, 84], [29126, 11757, 11080, 25488, 1420, 21331], 36)
([45, 81, 36, 83, 84, 85], [16927, 3821, 26406, 3917, 19183, 26397], 82)
([81, 36, 82, 84, 85, 86], [28048, 526, 22428, 20544, 15684, 5066], 83)
([36, 82, 83, 85, 86, 87], [5829, 21620, 25778, 20483, 20591, 757], 84)
([82, 83, 84, 86, 87, -1], [20334, 31028, 17219, 15060, 9113, 14390], 85)
([83, 84, 85, 87, -1, 88], [5595, 17737, 15840, 11599, 17898, 10175], 86)
([84, 85, 86, -1, 88, 89], [26167, 21904, 25488, 9381, 16242, 16369], 87)
([86, 87, -1, 89, 3, 90], [1777, 6254, 19501, 16742, 31918, 25306], 88)
([87, -1, 88, 3, 90, -1], [24315, 24186, 11112, 16175, 26764, 16149], 89)
([-1, 88, 89, 90, -1, 35], [292, 5848, 13579, 7886, 20275, 17307], 3)
([88, 89, 3, -1, 35], [6560, 7642, 28771, 28846, 16573], 90)
([3, 90, -1], [4996, 17667, 24230], 35)
([91, 5, 67], [11668, 25204, 27700], 23)
([23, 5, 67, 58], [19343, 9543, 1946, 17727], 91)
([23, 91, 67, 58, 92], [767, 13227, 9884, 17404, 8350], 5)
([23, 91, 5, 58, 92, 2], [13444, 31012, 323, 7383, 15256, 2658], 67)
([91, 5, 67, 92, 2, 75], [25838, 4886, 20730, 16578, 6931, 21091], 58)
([5, 67, 58, 2, 75, 54], [24828, 2855, 31234, 30425, 18889, 22391], 92)
([67, 58, 92, 75, 54, 93], [3076, 20772, 6997, 27093, 12015, 10689], 2)
([58, 92, 2, 54, 93, 18], [2820, 13735, 14320, 5762, 4628, 3374], 75)
([92, 2, 75, 93, 18, 94], [3306, 4461, 19977, 1903, 7749, 18796], 54)
([2, 75, 54, 18, 94, 95], [27276, 17133, 3916, 20165, 23755, 12611], 93)
([75, 54, 93, 94, 95, 76], [20344, 19541, 12583, 12759, 8853, 10403], 18)
([54, 93, 18, 95, 76, 45], [10770, 30981, 26497, 10747, 16847, 7933], 94)
([93, 18, 94, 76, 45, 73], [6935, 23672, 6835, 23526, 19061, 31916], 95)
([18, 94, 95, 45, 73, 71], [7402, 4276, 11504, 6466, 7163, 960], 76)
([94, 95, 76, 73, 71, 96], [23091, 31273, 17398, 8414, 30643, 15627], 45)
([95, 76, 45, 71, 96, 97], [23958, 27343, 26241, 7324, 5019, 11980], 73)
([76, 45, 73, 96, 97, 98], [25525, 20807, 27538, 16267, 26845, 20661], 71)
([45, 73, 71, 97, 98, 99], [8167, 12514, 12681, 2394, 11121, 19068], 96)
([73, 71, 96, 98, 99, 100], [14880, 19530, 326, 8209, 22142, 12603], 97)
([71, 96, 97, 99, 100, 5], [16580, 13097, 3147, 3633, 16240, 11053], 98)
([96, 97, 98, 100, 5, 101], [8723, 26886, 9583, 17155, 8090, 16706], 99)
([97, 98, 99, 5, 101, 102], [15481, 24936, 13435, 21395, 8086, 7342], 100)
([98, 99, 100, 101, 102, 103], [16381, 10451, 8111, 21783, 6271, 12446], 5)
([99, 100, 5, 102, 103, 104], [1143, 15787, 1628, 19849, 20341, 21709], 101)
([100, 5, 101, 103, 104, 18], [25198, 28193, 4326, 13668, 4003, 15987], 102)
([5, 101, 102, 104, 18, -1], [26727, 22774, 27490, 5574, 10585, 5133], 103)
([101, 102, 103, 18, -1], [14169, 6421, 15260, 785, 20224], 104)
