([1, 2, 3], [26398, 12072, 14522], 0)
([0, 2, 3, 4], [28489, 26315, 3790, 27408], 1)
([0, 1, 3, 4, 5], [20397, 13702, 12042, 12309, 4695], 2)
([0, 1, 2, 4, 5, 6], [17445, 10950, 15445, 19571, 28965, 2976], 3)
([1, 2, 3, 5, 6, 7], [20772, 18721, 10656, 6073, 7702, 26798], 4)
([2, 3, 4, 6, 7, 8], [21088, 31447, 2622, 20422, 19536, 2731], 5)
([3, 4, 5, 7, 8, 9], [4635, 3108, 15791, 7463, 6229, 22716], 6)
([4, 5, 6, 8, 9, 10], [24283, 19986, 13966, 17443, 13335, 29547], 7)
([5, 6, 7, 9, 10, 11], [20973, 2824, 25249, 16647, 10989, 27853], 8)
([6, 7, 8, 10, 11, 12], [29777, 22932, 30906, 15776, 17214, 10350], 9)
([7, 8, 9, 11, 12, 13], [4287, 8858, 22541, 9946, 18360, 19316], 10)
([8, 9, 10, 12, 13, 14], [20943, 17982, 29491, 23057, 5301, 15066], 11)
([9, 10, 11, 13, 14, 15], [4095, 22870, 28202, 13507, 21079, 22019], 12)
([10, 11, 12, 14, 15], [5759, 1350, 15390, 14569, 16832], 13)
([11, 12, 13, 15, 5], [30560, 157, 29430, 22554, 23011], 14)
([12, 13, 14, 5], [3607, 21771, 26009, 5822], 15)
([14, 15, 15, 16, 17], [13977, 20290, 20049, 28632, 7812], 5)
([5, 16, 17, 18], [2685, 30421, 24737, 23614], 15)
([5, 15, 17, 18, 15], [2920, 3050, 3304, 26975, 9191], 16)
([5, 15, 16, 18, 15], [16317, 11582, 27675, 28551, 21244], 17)
([15, 16, 17, 15, 5], [18129, 16136, 4438, 18636, 11034], 18)
([16, 17, 18, 5], [17256, 26784, 19307, 31229], 15)
([18, 15, 15, 19, 17], [10928, 20340, 9988, 20908, 5858], 5)
([5, 19, 17], [11785, 18551, 19426], 15)
([5, 15, 17], [18141, 14122, 30848], 19)
([5, 15, 19], [2236, 24783, 2293], 17)
([15, 4, 21], [12729, 29061, 23865], 20)
([20, 4, 21, 22], [11782, 28565, 11678, 1752], 15)
([20, 15, 21, 22, 8], [28382, 23818, 22941, 9842, 12447], 4)
([20, 15, 4, 22, 8, 23], [4278, 20752, 26741, 24259, 19974, 23972], 21)
([15, 4, 21, 8, 23, 3], [8263, 30705, 13113, 29748, 20420, 16585], 22)
([4, 21, 22, 23, 3, 24], [21103, 8757, 6030, 22569, 15528, 11754], 8)
([21, 22, 8, 3, 24, 25], [11086, 21504, 13963, 29424, 31648, 20638], 23)
([22, 8, 23, 24, 25, 26], [573, 12106, 26527, 2731, 21921, 23226], 3)
([8, 23, 3, 25, 26, 27], [12338, 12627, 1987, 13401, 25906, 28168], 24)
([23, 3, 24, 26, 27, 28], [10782, 25641, 30602, 6070, 21323, 5381], 25)
([3, 24, 25, 27, 28, 29], [16062, 16169, 1759, 20951, 16888, 5033], 26)
([24, 25, 26, 28, 29, 30], [26884, 17701, 17843, 1922, 14454, 7050], 27)
([25, 26, 27, 29, 30, 8], [18642, 20244, 11007, 1172, 28091, 22655], 28)
([26, 27, 28, 30, 8, 31], [18740, 27861, 6298, 20237, 5383, 9186], 29)
([27, 28, 29, 8, 31, 32], [7837, 20576, 31897, 688, 16732, 11492], 30)
([28, 29, 30, 31, 32, 26], [6059, 29674, 10635, 20630, 25285, 23922], 8)
([29, 30, 8, 32, 26, 33], [13374, 15952, 15714, 19119, 28713, 19429], 31)
([30, 8, 31, 26, 33, 15], [27192, 23525, 31616, 17978, 14492, 14106], 32)
([8, 31, 32, 33, 15, 34], [4165, 11435, 13510, 27287, 14462, 7138], 26)
([31, 32, 26, 15, 34, 5], [1134, 5605, 31242, 22002, 4582, 31712], 33)
([32, 26, 33, 34, 5, 35], [18863, 5534, 13055, 11474, 7164, 1624], 15)
([26, 33, 15, 5, 35, 36], [23403, 18385, 30530, 5027, 26506, 108], 34)
([33, 15, 34, 35, 36, 37], [8836, 2035, 8681, 19911, 16142, 27620], 5)
([15, 34, 5, 36, 37, 38], [28125, 22752, 10722, 25943, 27982, 13798], 35)
([34, 5, 35, 37, 38, 39], [12776, 9048, 22335, 4930, 8699, 8072], 36)
([5, 35, 36, 38, 39, 40], [29509, 22834, 8751, 12655, 19630, 15809], 37)
([35, 36, 37, 39, 40, 41], [20841, 4917, 21295, 2492, 9574, 19958], 38)
([36, 37, 38, 40, 41, 2], [8733, 13635, 15726, 6434, 2933, 14828], 39)
([37, 38, 39, 41, 2, 3], [19611, 21116, 2801, 16375, 3456, 2516], 40)
([38, 39, 40, 2, 3, 42], [29013, 24890, 22209, 9289, 17676, 16003], 41)
([39, 40, 41, 3, 42, 43], [29458, 15257, 14935, 16899, 23476, 31786], 2)
([40, 41, 2, 42, 43, 44], [14914, 25959, 20, 16323, 16277, 11483], 3)
([41, 2, 3, 43, 44], [17603, 24579, 27281, 16108, 8081], 42)
([2, 3, 42, 44, 45], [26527, 15670, 18622, 12171, 13619], 43)
([3, 42, 43, 45], [15844, 19153, 18466, 17927], 44)
([43, 44], [2574, 2414], 45)
([46, 0, 21], [24770, 10386, 10887], 15)
([15, 0, 21, 47], [325, 29951, 24462, 8414], 46)
([15, 46, 21, 47, 48], [13730, 8771, 28394, 19503, 15656], 0)
([15, 46, 0, 47, 48, 15], [21110, 22939, 18933, 15091, 12866, 28044], 21)
([46, 0, 21, 48, 15, 49], [3424, 16562, 10940, 5862, 13746, 467], 47)
([0, 21, 47, 15, 49, 50], [28820, 19717, 18261, 21564, 15268, 23729], 48)
([21, 47, 48, 49, 50], [16423, 11518, 16076, 23558, 26261], 15)
([47, 48, 15, 50, 51], [26884, 4788, 24717, 21867, 7515], 49)
([48, 15, 49, 51, 52], [6916, 9949, 29117, 30327, 2645], 50)
([49, 50, 52, 53], [18145, 17917, 3282, 2855], 51)
([50, 51, 53], [3518, 15999, 26492], 52)
([51, 52], [30591, 14145], 53)
([2, 3, 54], [5488, 11422, 4946], 0)
([0, 3, 54, 55], [10659, 12067, 18980, 27859], 2)
([0, 2, 54, 55, 21], [8940, 6093, 11391, 11687, 5575], 3)
([0, 2, 3, 55, 21, 15], [22166, 26754, 22188, 23442, 18929, 20915], 54)
([2, 3, 54, 21, 15, 56], [9385, 28669, 31136, 17671, 19889, 31782], 55)
([3, 54, 55, 15, 56, 30], [14848, 20329, 21911, 25280, 18318, 4640], 21)
([54, 55, 21, 56, 30, 57], [17692, 26391, 31494, 961, 2365, 25670], 15)
([55, 21, 15, 30, 57, 58], [30474, 29313, 7213, 31626, 19727, 876], 56)
([21, 15, 56, 57, 58, 59], [11185, 28934, 24257, 421, 26575, 21296], 30)
([15, 56, 30, 58, 59, 18], [22057, 14426, 28204, 19890, 24850, 9269], 57)
([56, 30, 57, 59, 18, 60], [18056, 19078, 1119, 25250, 16665, 5689], 58)
([30, 57, 58, 18, 60, 61], [15615, 15515, 9237, 5590, 21388, 19914], 59)
([57, 58, 59, 60, 61, 62], [9722, 17220, 29727, 4226, 30284, 6208], 18)
([58, 59, 18, 61, 62, 63], [14631, 11299, 5026, 29757, 25152, 899], 60)
([59, 18, 60, 62, 63, 64], [24691, 15200, 5275, 17039, 10324, 19621], 61)
([18, 60, 61, 63, 64, 58], [15329, 3563, 1666, 11821, 11359, 6958], 62)
([60, 61, 62, 64, 58, 65], [25035, 7308, 2194, 31035, 4484, 9961], 63)
([61, 62, 63, 58, 65, 66], [30991, 14455, 11125, 11427, 7720, 25645], 64)
([62, 63, 64, 65, 66, 5], [4903, 8359, 15910, 16736, 8172, 21272], 58)
([63, 64, 58, 66, 5, 67], [26699, 689, 9799, 15804, 22154, 12744], 65)
([64, 58, 65, 5, 67, 68], [25316, 1929, 23945, 20340, 14217, 4292], 66)
([58, 65, 66, 67, 68, 32], [14141, 24432, 24726, 18866, 28425, 17126], 5)
([65, 66, 5, 68, 32], [17051, 9751, 26224, 1114, 8678], 67)
([66, 5, 67, 32], [31628, 15335, 14564, 19007], 68)
([5, 67, 68], [31223, 20565, 9648], 32)
([38, 69, 26], [27108, 13825, 13106], 0)
([0, 69, 26, 70], [19880, 907, 27720, 765], 38)
([0, 38, 26, 70, 71], [21091, 7584, 990, 26682, 2634], 69)
([0, 38, 69, 70, 71, 72], [4383, 9336, 8118, 5785, 29209, 10726], 26)
([38, 69, 26, 71, 72, 30], [4919, 15302, 5501, 23500, 17948, 24252], 70)
([69, 26, 70, 72, 30, 73], [23215, 10103, 6283, 28225, 22530, 11331], 71)
([26, 70, 71, 30, 73, 15], [1105, 21809, 17692, 9214, 28421, 29984], 72)
([70, 71, 72, 73, 15, 74], [21087, 17268, 25081, 412, 6242, 20795], 30)
([71, 72, 30, 15, 74, 5], [1625, 17260, 31196, 20732, 30734, 5135], 73)
([72, 30, 73, 74, 5, 75], [9382, 10482, 28901, 19226, 22942, 24890], 15)
([30, 73, 15, 5, 75, 76], [10505, 24655, 16270, 28146, 13070, 4664], 74)
([73, 15, 74, 75, 76, 77], [17468, 20268, 27974, 28691, 19248, 31389], 5)
([15, 74, 5, 76, 77, 15], [3979, 3652, 3684, 31565, 19369, 1177], 75)
([74, 5, 75, 77, 15, 78], [8058, 28619, 14391, 21289, 9172, 22738], 76)
([5, 75, 76, 15, 78], [28669, 17159, 5311, 3728, 1366], 77)
([75, 76, 77, 78], [16179, 7034, 15332, 22273], 15)
([76, 77, 15], [3794, 6981, 29754], 78)
([46, 79, 2], [25328, 25634, 27797], 15)
([15, 79, 2, 80], [14501, 1574, 30275, 16111], 46)
([15, 46, 2, 80, 45], [28830, 31556, 23787, 28945, 30109], 79)
([15, 46, 79, 80, 45, 81], [8705, 894, 22963, 6248, 16207, 8676], 2)
([46, 79, 2, 45, 81, 36], [10532, 3425, 847, 8386, 16592, 21862], 80)
([79, 2, 80, 81, 36, 82], [22858, 13585, 5883, 6169, 1622, 28708], 45)
([2, 80, 45, 36, 82, 83], [1150, 23937, 3643, 5637, 10418, 13582], 81)
([80, 45, 81, 82, 83, 84], [4633, 25838, 18291, 1066, 27596, 11465], 36)
([45, 81, 36, 83, 84, 85], [28660, 28831, 9917, 30029, 15474, 30058], 82)
([81, 36, 82, 84, 85, 86], [19217, 10163, 1318, 8590, 15660, 18294], 83)
([36, 82, 83, 85, 86, 87], [4061, 12521, 1663, 3537, 4371, 3787], 84)
([82, 83, 84, 86, 87], [24424, 15974, 1848, 15530, 13385], 85)
([83, 84, 85, 87, 88], [5798, 11518, 25635, 13843, 16788], 86)
([84, 85, 86, 88, 89], [30664, 12896, 23206, 11527, 26981], 87)
([86, 87, 89, 3, 90], [2958, 27313, 13061, 6485, 19909], 88)
([87, 88, 3, 90], [5092, 5130, 6052, 524], 89)
([88, 89, 90, 35], [24924, 16602, 18269, 19366], 3)
([88, 89, 3, 35], [3566, 30477, 3912, 13637], 90)
([3, 90], [20611, 15511], 35)
([91, 5, 67], [12188, 18675, 25671], 23)
([23, 5, 67, 58], [15311, 7885, 31219, 3724], 91)
([23, 91, 67, 58, 92], [29547, 22718, 29085, 30319, 18798], 5)
([23, 91, 5, 58, 92, 2], [3617, 3910, 18582, 19869, 23023, 230], 67)
([91, 5, 67, 92, 2, 75], [10698, 12192, 25279, 663, 26348, 10718], 58)
([5, 67, 58, 2, 75, 54], [14427, 16871, 12120, 23427, 13638, 29911], 92)
([67, 58, 92, 75, 54, 93], [13042, 7519, 24255, 26058, 779, 5910], 2)
([58, 92, 2, 54, 93, 18], [29170, 15584, 8005, 30762, 23086, 27829], 75)
([92, 2, 75, 93, 18, 94], [4987, 2425, 23158, 31295, 19981, 15398], 54)
([2, 75, 54, 18, 94, 95], [28017, 31001, 12013, 5733, 7293, 22328], 93)
([75, 54, 93, 94, 95, 76], [11328, 29127, 4578, 13571, 20333, 18425], 18)
([54, 93, 18, 95, 76, 45], [11222, 29231, 8611, 24607, 31852, 7476], 94)
([93, 18, 94, 76, 45, 73], [11131, 11850, 1862, 16514, 20228, 12740], 95)
([18, 94, 95, 45, 73, 71], [29661, 8897, 20866, 762, 20455, 20068], 76)
([94, 95, 76, 73, 71, 96], [15032, 7758, 17238, 18568, 13697, 17475], 45)
([95, 76, 45, 71, 96, 97], [11066, 9498, 3483, 13162, 12355, 692], 73)
([76, 45, 73, 96, 97, 98], [7530, 27364, 22491, 23920, 27970, 19776], 71)
([45, 73, 71, 97, 98, 99], [30840, 85, 30433, 3445, 6407, 7096], 96)
([73, 71, 96, 98, 99, 100], [30126, 27478, 9855, 11363, 17440, 13777], 97)
([71, 96, 97, 99, 100, 5], [3038, 15173, 23677, 20785, 5315, 21643], 98)
([96, 97, 98, 100, 5, 101], [26519, 16118, 12286, 22387, 13561, 25923], 99)
([97, 98, 99, 5, 101, 102], [17219, 96, 14216, 2682, 31477, 23873], 100)
([98, 99, 100, 101, 102, 103], [20485, 19705, 29424, 23077, 13419, 3601], 5)
([99, 100, 5, 102, 103, 104], [17080, 3150, 12425, 19418, 30742, 11850], 101)
([100, 5, 101, 103, 104, 18], [1890, 26243, 20118, 31324, 22493, 30775], 102)
([5, 101, 102, 104, 18], [16008, 17434, 24028, 10931, 18653], 103)
([101, 102, 103, 18], [28903, 23172, 13903, 16062], 104)
